0 0.175496 0.393750 0.019602 0.012694
0 0.722699 0.548438 0.064523 0.070153
0 0.595125 0.528715 0.048922 0.060597
0 0.839027 0.618604 0.091758 0.080875
0 0.499820 0.556868 0.065250 0.073042
0 0.532348 0.674667 0.070008 0.105194
0 0.491508 0.462472 0.038531 0.040222
0 0.626020 0.499549 0.052102 0.053181
0 0.447813 0.457743 0.046500 0.048264
0 0.440617 0.581764 0.052109 0.067083
0 0.353422 0.465382 0.048797 0.066292
0 0.342871 0.543014 0.040086 0.067778
0 0.288426 0.587708 0.067836 0.157083
0 0.247227 0.516417 0.039297 0.074111
0 0.970547 0.717569 0.058281 0.065972
0 0.835090 0.551111 0.077211 0.048333
0 0.516223 0.434965 0.046664 0.032014
0 0.431359 0.421722 0.030531 0.023222
0 0.364820 0.435250 0.034484 0.026444
0 0.385543 0.427889 0.015023 0.017583
0 0.325812 0.419667 0.027750 0.026389
0 0.254961 0.460014 0.030859 0.027472
0 0.242930 0.432542 0.037734 0.023972
0 0.286109 0.405937 0.025500 0.023958
0 0.199773 0.400104 0.021984 0.018236
0 0.217914 0.401729 0.012828 0.014986
