0 0.285285 0.634576 0.044758 0.063292
0 0.276164 0.584069 0.044859 0.043222
0 0.330664 0.546910 0.043672 0.052708
0 0.341492 0.493903 0.038750 0.042556
0 0.345582 0.463701 0.031852 0.021597
0 0.500070 0.483257 0.042672 0.036181
0 0.535379 0.436854 0.035133 0.025097
0 0.470523 0.429847 0.040719 0.035611
0 0.445898 0.466326 0.026922 0.029181
0 0.390074 0.445312 0.030867 0.025681
0 0.381047 0.425757 0.030531 0.020431
0 0.372836 0.408826 0.025937 0.015764
0 0.314223 0.418757 0.029555 0.018097
0 0.236828 0.521931 0.033812 0.043222
0 0.811191 0.676153 0.085023 0.082917
0 0.171586 0.393340 0.012516 0.010458
0 0.262469 0.415208 0.024313 0.021611
0 0.213461 0.441215 0.031156 0.026347
0 0.262090 0.448986 0.036477 0.035111
0 0.240625 0.468910 0.033812 0.031736
0 0.202633 0.476681 0.033813 0.040528
0 0.682719 0.721694 0.086203 0.128083
0 0.522504 0.693181 0.066523 0.116250
0 0.676910 0.580743 0.062211 0.066819
0 0.929129 0.608486 0.083602 0.075306
0 0.397578 0.657521 0.069687 0.137236
0 0.596523 0.529813 0.038641 0.048931
0 0.610254 0.474090 0.050336 0.051625
0 0.447281 0.573403 0.053781 0.065833
0 0.979398 0.580125 0.041125 0.071694
0 0.936516 0.692208 0.085641 0.076556
0 0.282738 0.782111 0.078508 0.169556
0 0.663152 0.476292 0.043758 0.030861
0 0.235496 0.404069 0.025070 0.020944
0 0.190840 0.398139 0.014227 0.013083
0 0.888410 0.959729 0.143180 0.068264
0 0.673895 0.965500 0.099414 0.066583
0 0.546570 0.583903 0.069453 0.088306
