0 0.308668 0.521285 0.039961 0.057486
0 0.369398 0.587653 0.046719 0.076750
0 0.443539 0.502944 0.049437 0.066778
0 0.401004 0.677424 0.060992 0.114903
0 0.657918 0.699174 0.088586 0.113542
0 0.544996 0.502125 0.044727 0.050056
0 0.650879 0.573160 0.051320 0.038792
0 0.628617 0.510549 0.052250 0.047597
0 0.703902 0.503556 0.056852 0.056694
0 0.920125 0.651618 0.100234 0.102764
0 0.766156 0.642278 0.077375 0.085111
0 0.498109 0.628722 0.066484 0.102194
0 0.597602 0.826569 0.094047 0.139778
0 0.352504 0.405181 0.024742 0.021306
0 0.665383 0.969139 0.102813 0.060528
0 0.237785 0.918000 0.096008 0.156778
0 0.542766 0.458799 0.046297 0.034431
0 0.532219 0.582382 0.051672 0.056069
0 0.376070 0.519229 0.044828 0.044569
0 0.380039 0.479236 0.044250 0.034361
0 0.331469 0.481951 0.039672 0.039792
0 0.258738 0.480597 0.041711 0.042500
0 0.297043 0.420076 0.028492 0.022958
0 0.346434 0.423118 0.031539 0.020931
0 0.252020 0.444736 0.035711 0.023639
0 0.261520 0.413993 0.019758 0.020264
0 0.217258 0.406903 0.017094 0.015528
0 0.236266 0.401736 0.016187 0.016083
0 0.187824 0.394326 0.011039 0.012597
0 0.173352 0.398687 0.012516 0.012597
0 0.467348 0.447799 0.040352 0.032264
0 0.419727 0.433611 0.040078 0.038056
0 0.874773 0.933264 0.150953 0.133472
0 0.468930 0.419931 0.028578 0.016417
