0 0.267227 0.587076 0.047422 0.076542
0 0.313867 0.415049 0.029781 0.041597
0 0.246949 0.907264 0.098727 0.153556
0 0.877773 0.645674 0.082687 0.071264
0 0.576258 0.483083 0.050875 0.052889
0 0.774734 0.870417 0.118641 0.148306
0 0.456187 0.604014 0.051344 0.077194
0 0.715336 0.513646 0.055375 0.059792
0 0.700340 0.598917 0.066695 0.071306
0 0.850840 0.694007 0.089523 0.083181
0 0.176441 0.394806 0.015898 0.013111
0 0.521508 0.661243 0.071312 0.125292
0 0.409402 0.675194 0.059086 0.113833
0 0.284801 0.690958 0.060633 0.132806
0 0.364027 0.435750 0.036164 0.025389
0 0.675723 0.959833 0.113945 0.071306
0 0.418563 0.539472 0.052375 0.061722
0 0.495063 0.551500 0.053547 0.058583
0 0.446805 0.464146 0.034719 0.034514
0 0.461719 0.447521 0.022422 0.033597
0 0.489195 0.437757 0.029891 0.039069
0 0.372047 0.407743 0.030328 0.024236
0 0.237969 0.519104 0.039125 0.042208
0 0.263469 0.483549 0.040000 0.033597
0 0.227203 0.451861 0.039562 0.037583
0 0.242566 0.408681 0.029508 0.021694
0 0.266121 0.397826 0.020430 0.014125
0 0.210922 0.405896 0.020719 0.017153
0 0.225684 0.384708 0.020148 0.018167
0 0.340656 0.542938 0.051359 0.061986
