0 0.613719 0.476444 0.036594 0.034639
0 0.575605 0.480167 0.052039 0.051056
0 0.482926 0.471910 0.041492 0.029542
0 0.386320 0.626479 0.060344 0.094069
0 0.429789 0.940778 0.115766 0.118444
0 0.584531 0.523118 0.050312 0.045514
0 0.456922 0.587201 0.055906 0.070347
0 0.276934 0.604681 0.046836 0.076667
0 0.785410 0.561993 0.099039 0.095264
0 0.850078 0.562396 0.061766 0.079153
0 0.718422 0.604090 0.064609 0.080347
0 0.528711 0.726479 0.068359 0.103097
0 0.777668 0.426590 0.047117 0.035319
0 0.185027 0.390181 0.018523 0.013250
0 0.213219 0.401708 0.024531 0.012667
0 0.250703 0.395944 0.023125 0.011167
0 0.409336 0.435278 0.030391 0.023639
0 0.373984 0.440681 0.033438 0.023639
0 0.256758 0.549368 0.039922 0.044014
0 0.265117 0.481847 0.039922 0.045194
0 0.345078 0.491333 0.044844 0.050667
0 0.453367 0.520375 0.049359 0.053361
0 0.812320 0.932090 0.145031 0.135819
0 0.306184 0.413299 0.020102 0.019597
0 0.482750 0.459958 0.040453 0.051111
