0 0.627832 0.858715 0.114961 0.151875
0 0.332496 0.536979 0.043039 0.062375
0 0.424316 0.566549 0.052336 0.080403
0 0.258871 0.546056 0.041852 0.098833
0 0.565293 0.478840 0.051898 0.052153
0 0.682031 0.497563 0.052500 0.052875
0 0.778430 0.655236 0.084578 0.071583
0 0.202051 0.392125 0.010055 0.017444
0 0.219586 0.394958 0.020609 0.020500
0 0.248410 0.403021 0.024773 0.025292
0 0.283359 0.403243 0.024531 0.019625
0 0.300957 0.423319 0.024695 0.021611
0 0.470777 0.973757 0.106523 0.052486
0 0.652086 0.444938 0.124734 0.080431
0 0.952648 0.610819 0.060469 0.071000
0 0.804246 0.506889 0.070570 0.047667
0 0.573086 0.525771 0.044609 0.044014
0 0.301055 0.650069 0.051656 0.093056
0 0.709703 0.551840 0.060687 0.062014
0 0.821996 0.559021 0.068773 0.055764
0 0.361934 0.413187 0.024320 0.022958
0 0.344078 0.431764 0.026594 0.025000
0 0.389305 0.427708 0.029672 0.026333
0 0.506871 0.425264 0.100086 0.079889
0 0.275027 0.495479 0.036773 0.041153
0 0.319285 0.477319 0.034039 0.036306
0 0.373418 0.510604 0.041539 0.047208
0 0.255535 0.943271 0.102305 0.103125
