0 0.340457 0.421069 0.031586 0.039028
0 0.382117 0.624201 0.050766 0.077236
0 0.239656 0.521167 0.040266 0.063167
0 0.307414 0.529340 0.047016 0.072653
0 0.985582 0.636264 0.028383 0.087583
0 0.830715 0.612056 0.071617 0.062139
0 0.853082 0.942514 0.107055 0.108250
0 0.273965 0.839493 0.085648 0.135764
0 0.507133 0.464465 0.040359 0.037986
0 0.423809 0.421687 0.037070 0.034153
0 0.664297 0.521965 0.051406 0.044931
0 0.860391 0.703465 0.100156 0.093347
0 0.188555 0.395549 0.019609 0.020014
0 0.230672 0.400361 0.014719 0.021806
0 0.251758 0.403854 0.027422 0.026181
0 0.294543 0.464861 0.040961 0.043611
0 0.343734 0.489896 0.038250 0.040486
0 0.567070 0.445438 0.039297 0.031903
0 0.561664 0.487722 0.042547 0.039250
0 0.433867 0.894854 0.103516 0.194458
0 0.597695 0.641312 0.069922 0.080986
0 0.632504 0.561507 0.051883 0.050625
