0 0.559059 0.775174 0.082117 0.124764
0 0.835090 0.689382 0.090305 0.084542
0 0.485961 0.466681 0.033984 0.043111
0 0.555629 0.460847 0.035242 0.038972
0 0.282715 0.652715 0.056102 0.099875
0 0.323359 0.515882 0.047531 0.090819
0 0.502848 0.649896 0.069930 0.107847
0 0.245195 0.468882 0.037844 0.045958
0 0.352063 0.438153 0.024984 0.019639
0 0.474445 0.467375 0.056922 0.043306
0 0.825617 0.553174 0.072453 0.071042
0 0.765852 0.602361 0.068687 0.075500
0 0.262969 0.545958 0.040000 0.063028
0 0.390887 0.433632 0.032555 0.028569
0 0.216840 0.392951 0.007633 0.015458
0 0.200078 0.393132 0.023750 0.019597
0 0.272813 0.408403 0.024219 0.019972
0 0.304285 0.401049 0.027773 0.012819
0 0.323152 0.419326 0.027773 0.022236
0 0.383098 0.485257 0.040273 0.039181
0 0.232207 0.939222 0.089414 0.120306
0 0.428445 0.948118 0.113578 0.098347
0 0.622750 0.449285 0.045281 0.024764
0 0.632344 0.479375 0.047813 0.033139
0 0.615117 0.501062 0.050391 0.049986
