0 0.515633 0.435431 0.042047 0.028639
0 0.463926 0.452667 0.033820 0.029194
0 0.386758 0.484194 0.039078 0.031528
0 0.377805 0.511111 0.045641 0.052306
0 0.464453 0.520896 0.059922 0.056903
0 0.545137 0.582021 0.060602 0.070208
0 0.327328 0.541097 0.040500 0.059694
0 0.229406 0.473410 0.029750 0.029681
0 0.175277 0.376438 0.064711 0.063569
0 0.228477 0.408438 0.019797 0.017736
0 0.255742 0.401819 0.019141 0.016333
0 0.264520 0.416319 0.022523 0.010417
0 0.298551 0.407028 0.025977 0.016056
0 0.236953 0.441111 0.034344 0.029389
0 0.270313 0.433743 0.033281 0.024458
0 0.275008 0.461840 0.035828 0.032403
0 0.344223 0.417375 0.021195 0.018083
0 0.323867 0.446396 0.040703 0.042208
0 0.369688 0.441868 0.023281 0.025097
0 0.403012 0.450646 0.032836 0.021569
0 0.990824 0.642319 0.018023 0.057972
0 0.438078 0.582187 0.048578 0.062819
0 0.623305 0.679708 0.078016 0.101861
0 0.292566 0.503799 0.040148 0.049764
0 0.552844 0.472118 0.052297 0.055625
0 0.262273 0.898542 0.121719 0.191667
0 0.778332 0.642958 0.087617 0.117111
0 0.842543 0.615944 0.072773 0.069472
0 0.616543 0.497646 0.051570 0.059653
0 0.285625 0.625569 0.053938 0.103528
0 0.736105 0.518403 0.052773 0.050639
0 0.700043 0.537701 0.057023 0.058625
0 0.476270 0.632667 0.059898 0.081889
