0 0.772852 0.652861 0.078312 0.090583
0 0.814422 0.519597 0.059906 0.057917
0 0.768801 0.568944 0.067367 0.067306
0 0.608117 0.889674 0.110719 0.182292
0 0.275813 0.707993 0.062688 0.101264
0 0.271941 0.832722 0.080508 0.161889
0 0.686523 0.742688 0.090188 0.116347
0 0.497332 0.481389 0.042758 0.038750
0 0.462691 0.949444 0.114289 0.095083
0 0.326355 0.416861 0.034852 0.035861
0 0.762918 0.409319 0.037430 0.050444
0 0.965617 0.707667 0.064375 0.065278
0 0.193410 0.398076 0.015367 0.014125
0 0.239312 0.409493 0.021844 0.016208
0 0.266762 0.408104 0.021195 0.017958
0 0.240004 0.534410 0.032336 0.040764
0 0.307695 0.469681 0.035609 0.030917
0 0.273574 0.487875 0.037430 0.042028
0 0.430594 0.434681 0.030234 0.030917
0 0.396395 0.445542 0.034086 0.029194
0 0.596879 0.462826 0.028242 0.028597
0 0.378168 0.619549 0.056477 0.089569
0 0.479293 0.613500 0.066727 0.094417
0 0.635223 0.557438 0.058961 0.051931
0 0.554297 0.464444 0.052344 0.050278
