0 0.196965 0.390493 0.019477 0.011542
0 0.210898 0.404014 0.020234 0.018028
0 0.260191 0.411201 0.026398 0.024208
0 0.261609 0.453833 0.031500 0.028750
0 0.293238 0.778486 0.072430 0.150000
0 0.733223 0.794139 0.115039 0.159667
0 0.434570 0.563250 0.024609 0.051556
0 0.432539 0.507771 0.046328 0.058958
0 0.392836 0.638042 0.085719 0.181306
0 0.372617 0.477021 0.034094 0.032708
0 0.400812 0.416986 0.036328 0.030750
0 0.289277 0.437937 0.037461 0.038347
0 0.259766 0.484354 0.034625 0.032292
0 0.333816 0.486021 0.042555 0.046042
0 0.322051 0.417250 0.041477 0.034167
0 0.251699 0.551090 0.041086 0.049458
0 0.292254 0.506646 0.039008 0.062097
0 0.328020 0.541375 0.038570 0.062972
0 0.508844 0.566375 0.054641 0.063167
0 0.897281 0.460250 0.070922 0.064389
0 0.301063 0.596229 0.042797 0.074347
0 0.544289 0.733528 0.073797 0.110306
0 0.748547 0.577972 0.070609 0.064361
0 0.737738 0.492535 0.051555 0.051847
0 0.919035 0.548132 0.070102 0.044792
0 0.910879 0.599125 0.082945 0.055083
