0 0.368422 0.512271 0.047078 0.049181
0 0.451746 0.958986 0.120539 0.079833
0 0.730492 0.621403 0.069641 0.064972
0 0.217594 0.401639 0.028563 0.021611
0 0.348047 0.432819 0.035797 0.026861
0 0.435891 0.441083 0.029500 0.034361
0 0.507852 0.446049 0.116484 0.129292
0 0.428152 0.507042 0.042961 0.040806
0 0.560852 0.510090 0.048672 0.048569
0 0.289469 0.501903 0.037484 0.041806
0 0.227262 0.470313 0.069102 0.060264
0 0.779273 0.545604 0.044672 0.039958
0 0.745027 0.559569 0.055695 0.054778
0 0.396125 0.691528 0.059344 0.093444
0 0.659371 0.514181 0.059820 0.047861
0 0.240484 0.466326 0.041906 0.049708
0 0.502387 0.554028 0.049195 0.056472
0 0.267316 0.539250 0.040164 0.069194
0 0.620637 0.550562 0.052273 0.055542
0 0.866848 0.720812 0.096039 0.097514
0 0.221551 0.428354 0.032133 0.020931
